mtx: [[474.347113865699, 0.0, 320.6084750079921], [0.0, 474.50613164040186, 211.79738820552578], [0.0, 0.0, 1.0]]
dist: [[-0.41646906204304834, 0.2314318879417885, 0.00012837482803941452, 0.00023386458559430614, -0.08556198704121219]]
newcameramtx: [[261.0057373046875, 0.0, 326.82410544627055], [0.0, 292.9028015136719, 242.18348568440342], [0.0, 0.0, 1.0]]
roi: (150, 99, 352, 309)
